name: kraken2
channels:
  - bioconda
  - conda-forge
dependencies:
  - _libgcc_mutex=0.1=conda_forge
  - _openmp_mutex=4.5=2_gnu
  - blast=2.16.0=hc155240_2
  - bzip2=1.0.8=h4bc722e_7
  - c-ares=1.34.2=heb4867d_0
  - ca-certificates=2024.8.30=hbcca054_0
  - curl=8.10.1=hbbe4b11_0
  - entrez-direct=22.4=he881be0_0
  - gettext=0.22.5=he02047a_3
  - gettext-tools=0.22.5=he02047a_3
  - keyutils=1.6.1=h166bdaf_0
  - kraken2=2.1.3=pl5321hdcf5f25_2
  - krb5=1.21.3=h659f571_0
  - ld_impl_linux-64=2.43=h712a8e2_2
  - libasprintf=0.22.5=he8f35ee_3
  - libasprintf-devel=0.22.5=he8f35ee_3
  - libcurl=8.10.1=hbbe4b11_0
  - libedit=3.1.20191231=he28a2e2_2
  - libev=4.33=hd590300_2
  - libexpat=2.6.3=h5888daf_0
  - libffi=3.4.2=h7f98852_5
  - libgcc=14.2.0=h77fa898_1
  - libgcc-ng=14.2.0=h69a702a_1
  - libgettextpo=0.22.5=he02047a_3
  - libgettextpo-devel=0.22.5=he02047a_3
  - libgomp=14.2.0=h77fa898_1
  - libiconv=1.17=hd590300_2
  - libidn2=2.3.7=hd590300_0
  - libmpdec=4.0.0=h4bc722e_0
  - libnghttp2=1.64.0=h161d5f1_0
  - libsqlite=3.47.0=hadc24fc_1
  - libssh2=1.11.0=h0841786_0
  - libstdcxx=14.2.0=hc0a3c3a_1
  - libstdcxx-ng=14.2.0=h4852527_1
  - libunistring=0.9.10=h7f98852_0
  - libuuid=2.38.1=h0b41bf4_0
  - libxcrypt=4.4.36=hd590300_1
  - libzlib=1.3.1=hb9d3cd8_2
  - lz4-c=1.9.4=hcb278e6_0
  - ncbi-vdb=3.1.1=h4ac6f70_2
  - ncurses=6.5=he02047a_1
  - openssl=3.3.2=hb9d3cd8_0
  - perl=5.32.1=7_hd590300_perl5
  - perl-archive-tar=2.40=pl5321hdfd78af_0
  - perl-carp=1.50=pl5321hd8ed1ab_0
  - perl-common-sense=3.75=pl5321hd8ed1ab_0
  - perl-compress-raw-bzip2=2.201=pl5321hbf60520_0
  - perl-compress-raw-zlib=2.202=pl5321hadc24fc_0
  - perl-encode=3.21=pl5321hb9d3cd8_1
  - perl-exporter=5.74=pl5321hd8ed1ab_0
  - perl-exporter-tiny=1.002002=pl5321hd8ed1ab_0
  - perl-extutils-makemaker=7.70=pl5321hd8ed1ab_0
  - perl-io-compress=2.201=pl5321hdbdd923_2
  - perl-io-zlib=1.14=pl5321hdfd78af_0
  - perl-json=4.10=pl5321hdfd78af_1
  - perl-json-xs=4.03=pl5321h4ac6f70_3
  - perl-list-moreutils=0.430=pl5321hdfd78af_0
  - perl-list-moreutils-xs=0.430=pl5321h031d066_3
  - perl-parent=0.242=pl5321hd8ed1ab_0
  - perl-pathtools=3.75=pl5321h166bdaf_0
  - perl-scalar-list-utils=1.68=pl5321hb9d3cd8_0
  - perl-storable=3.15=pl5321hb9d3cd8_0
  - perl-types-serialiser=1.01=pl5321hdfd78af_0
  - pip=24.3.1=pyh145f28c_0
  - popt=1.16=h0b475e3_2002
  - python=3.13.0=h9ebbce0_100_cp313
  - python_abi=3.13=5_cp313
  - readline=8.2=h8228510_1
  - rpsbproc=0.5.0=h6a68c12_0
  - rsync=3.3.0=he6cb5fe_0
  - tar=1.34=hb2e2bae_1
  - tk=8.6.13=noxft_h4845f30_101
  - tzdata=2024b=hc8b5060_0
  - wget=1.21.4=hda4d442_0
  - xxhash=0.8.2=hd590300_0
  - xz=5.2.6=h166bdaf_0
  - zlib=1.3.1=hb9d3cd8_2
  - zstd=1.5.6=ha6fb4c9_0
prefix: /home/dot/miniforge3/envs/kraken2
